STEPS_OFFLINE 10000
STEPS_PER_REPETITION 5000
REPETITIONS_PER_GENERATION 2
QTY_HIVES 5
QTY_BEES 10
QTY_FLOWERS 20

Repetition 0
hive 0 0.2848 0.315662 0.691929 0.223442 
hive 1 0.268814 0.423434 0.913339 0.19275 
hive 2 0.536923 0.876393 0.350926 0.0859411 
hive 3 0.307277 0.188616 0.724672 0.0481664 
hive 4 0.304712 0.833545 0.474328 0.730008 
Repetition 1
hive 0 0.2848 0.315662 0.691929 0.223442 
hive 1 0.268814 0.423434 0.913339 0.19275 
hive 2 0.536923 0.876393 0.350926 0.0859411 
hive 3 0.307277 0.188616 0.724672 0.0481664 
hive 4 0.304712 0.833545 0.474328 0.730008 
Generation 0
Repetition 0
hive 0 0.2848 0.315662 0.691929 0.223442 
hive 1 0.268814 0.423434 0.913339 0.19275 
hive 2 0.536923 0.876393 0.350926 0.0859411 
hive 3 0.307277 0.188616 0.724672 0.0481664 
hive 4 0.304712 0.833545 0.474328 0.730008 
Repetition 1
hive 0 0.2848 0.315662 0.691929 0.223442 
hive 1 0.268814 0.423434 0.913339 0.19275 
hive 2 0.536923 0.876393 0.350926 0.0859411 
hive 3 0.307277 0.188616 0.724672 0.0481664 
hive 4 0.304712 0.833545 0.474328 0.730008 
Generation 1
Repetition 0
hive 0 0.2848 0.315662 0.691929 0.223442 
hive 1 0.268814 0.423434 0.913339 0.19275 
hive 2 0.536923 0.876393 0.350926 0.0859411 
hive 3 0.307277 0.188616 0.724672 0.0481664 
hive 4 0.304712 0.833545 0.474328 0.730008 
Repetition 1
hive 0 0.2848 0.315662 0.691929 0.223442 
hive 1 0.268814 0.423434 0.913339 0.19275 
hive 2 0.536923 0.876393 0.350926 0.0859411 
hive 3 0.307277 0.188616 0.724672 0.0481664 
hive 4 0.304712 0.833545 0.474328 0.730008 
Generation 2
Repetition 0
hive 0 0.2848 0.315662 0.691929 0.223442 
hive 1 0.268814 0.423434 0.913339 0.19275 
hive 2 0.536923 0.876393 0.350926 0.0859411 
hive 3 0.307277 0.188616 0.724672 0.0481664 
hive 4 0.304712 0.833545 0.474328 0.730008 
Repetition 1
hive 0 0.2848 0.315662 0.691929 0.223442 
hive 1 0.268814 0.423434 0.913339 0.19275 
hive 2 0.536923 0.876393 0.350926 0.0859411 
hive 3 0.307277 0.188616 0.724672 0.0481664 
hive 4 0.304712 0.833545 0.474328 0.730008 
Generation 3
Repetition 0
hive 0 0.2848 0.315662 0.691929 0.223442 
hive 1 0.268814 0.423434 0.913339 0.19275 
hive 2 0.536923 0.876393 0.350926 0.0859411 
hive 3 0.307277 0.188616 0.724672 0.0481664 
hive 4 0.304712 0.833545 0.474328 0.730008 
Repetition 1
hive 0 0.2848 0.315662 0.691929 0.223442 
hive 1 0.268814 0.423434 0.913339 0.19275 
hive 2 0.536923 0.876393 0.350926 0.0859411 
hive 3 0.307277 0.188616 0.724672 0.0481664 
hive 4 0.304712 0.833545 0.474328 0.730008 
Generation 4
Repetition 0
hive 0 0.2848 0.315662 0.691929 0.223442 
hive 1 0.268814 0.423434 0.913339 0.19275 
hive 2 0.536923 0.876393 0.350926 0.0859411 
hive 3 0.307277 0.188616 0.724672 0.0481664 
hive 4 0.304712 0.833545 0.474328 0.730008 
Repetition 1
hive 0 0.2848 0.315662 0.691929 0.223442 
hive 1 0.268814 0.423434 0.913339 0.19275 
hive 2 0.536923 0.876393 0.350926 0.0859411 
hive 3 0.307277 0.188616 0.724672 0.0481664 
hive 4 0.304712 0.833545 0.474328 0.730008 
Generation 5
Repetition 0
hive 0 0.2848 0.315662 0.691929 0.223442 
hive 1 0.268814 0.423434 0.913339 0.19275 
hive 2 0.536923 0.876393 0.350926 0.0859411 
hive 3 0.307277 0.188616 0.724672 0.0481664 
hive 4 0.304712 0.833545 0.474328 0.730008 
Repetition 1
hive 0 0.2848 0.315662 0.691929 0.223442 
hive 1 0.268814 0.423434 0.913339 0.19275 
hive 2 0.536923 0.876393 0.350926 0.0859411 
hive 3 0.307277 0.188616 0.724672 0.0481664 
hive 4 0.304712 0.833545 0.474328 0.730008 
Generation 6
Repetition 0
hive 0 0.2848 0.315662 0.691929 0.223442 
hive 1 0.268814 0.423434 0.913339 0.19275 
hive 2 0.536923 0.876393 0.350926 0.0859411 
hive 3 0.307277 0.188616 0.724672 0.0481664 
hive 4 0.304712 0.833545 0.474328 0.730008 
Repetition 1
hive 0 0.2848 0.315662 0.691929 0.223442 
hive 1 0.268814 0.423434 0.913339 0.19275 
hive 2 0.536923 0.876393 0.350926 0.0859411 
hive 3 0.307277 0.188616 0.724672 0.0481664 
hive 4 0.304712 0.833545 0.474328 0.730008 
Generation 7
Repetition 0
hive 0 0.2848 0.315662 0.691929 0.223442 
hive 1 0.268814 0.423434 0.913339 0.19275 
hive 2 0.536923 0.876393 0.350926 0.0859411 
hive 3 0.307277 0.188616 0.724672 0.0481664 
hive 4 0.304712 0.833545 0.474328 0.730008 
Repetition 1
hive 0 0.2848 0.315662 0.691929 0.223442 
hive 1 0.268814 0.423434 0.913339 0.19275 
hive 2 0.536923 0.876393 0.350926 0.0859411 
hive 3 0.307277 0.188616 0.724672 0.0481664 
hive 4 0.304712 0.833545 0.474328 0.730008 
Generation 8
Repetition 0
hive 0 0.2848 0.315662 0.691929 0.223442 
hive 1 0.268814 0.423434 0.913339 0.19275 
hive 2 0.536923 0.876393 0.350926 0.0859411 
hive 3 0.307277 0.188616 0.724672 0.0481664 
hive 4 0.304712 0.833545 0.474328 0.730008 
